
Metric	DT	PS	TAP 	TAV	TBP
L1_RD0_FILLED	0.37	4409.22	49582.10	31737.30	26442000.00
L1_jJ90_UNPAIRED_ISO	0.01	1.00	25860.20	0.17	25861.60
L1_eEM26T	0.04	1.00	10377.80	9913.50	10377.70
L1_eEM28M	0.04	1.00	9396.64	8972.95	9396.68
L1_2MU3VF	0.05	2.00	5737.39	5432.97	11465.30
L1_jJ60_EMPTY	0.02	5.00	5246.24	0.00	26236.40
L1_MU14FCH	0.06	1.00	4847.53	4591.39	4847.50
L1_MU5VF_2MU3VF	0.05	2.00	4219.95	3993.12	8427.37
L1_jXE100	0.01	7.00	3900.21	190.82	27311.10
L1_MU18VFCH	0.06	1.00	3781.75	3571.49	3781.71
L1_jXE120	0.01	7.00	3676.87	58.40	25727.50
L1_2MU5VF	0.06	1.00	3555.08	3356.30	3554.76
L1_jJ85p0ETA21_3jJ40p0ETA25	0.04	1.00	3078.25	2939.70	3078.19
L1_cTAU30M_2cTAU20M_DR-eTAU30eTAU20-jJ55	0.04	1.00	2642.04	2529.55	2641.95
L1_2eEM9	0.04	50.00	2606.27	2491.32	130073.00
L1_LFV-MU5VF	0.06	1.00	2308.36	2176.87	2308.29
L1_cTAU30M_2cTAU20M_DR-eTAU30MeTAU20M-jJ55	0.04	1.00	2213.41	2118.64	2213.40
L1_BPH-2M9-0DR15-C-MU5VFMU3V	0.05	1.00	2141.35	2030.51	2141.41
L1_BPH-2M9-0DR15-2MU3VF	0.05	1.00	1921.91	1823.05	1922.12
L1_cTAU35M_2cTAU30M_2jJ55_3jJ50	0.05	1.00	1761.71	1682.13	1761.68
L1_eTAU60_2eTAU20M_jXE80	0.04	1.00	1739.43	1661.43	1739.49
L1_eTAU80_2eTAU60	0.04	1.00	1652.15	1577.41	1652.31
L1_MU8F_cTAU30M	0.05	1.00	1559.01	1488.14	1558.99
L1_SC111-CjJ40	0.05	1.00	1548.97	1479.78	1549.02
L1_jXE110	0.05	1.00	1498.66	1430.31	1498.90
L1_jJ80p0ETA25_2jJ55_jJ50p30ETA49	0.04	1.00	1440.05	1376.80	1440.06
L1_MU8F_2jJ40_jJ50	0.05	1.00	1361.33	1301.07	1361.41
L1_eEM26M	0.01	15.00	1322.84	446.10	19853.20
L1_4jJ40	0.04	1.00	1309.99	1252.43	1310.06
L1_MU8VF_2MU5VF	0.05	1.00	1296.88	1230.30	1296.71
L1_eEM18M_2eTAU20M_jXE70	0.04	1.00	1225.47	1170.28	1225.56
L1_2MU8F	0.06	1.00	1179.49	1102.21	1179.40
L1_jJ60_FIRSTEMPTY	0.00	10.00	1123.53	0.00	11241.20
L1_4jJ30p0ETA24_0DETA24-eTAU30eTAU12	0.04	1.00	1080.23	1033.64	1080.29
L1_cTAU20M_cTAU12M_4jJ30p0ETA24_0DETA24-eTAU30eTAU12	0.04	1.00	1046.11	1000.82	1046.17
L1_2jJ40_jXE110	0.05	1.00	1002.02	956.60	1002.18
L1_RD0_BGRP15	0.04	6551.04	996.62	958.47	6567380.00
L1_cTAU30M_2cTAU20M_4jJ30p0ETA25	0.04	1.00	977.29	935.60	977.35
L1_HT190-jJ40s5pETA21	0.04	1.00	930.18	889.10	930.33
L1_ZAFB-25DPHI-eEM18M	0.05	1.00	930.18	889.79	930.03
L1_LFV-MU8VF	0.05	1.00	886.36	840.54	886.28
L1_TAU20IM_2TAU12IM_4J12p0ETA25	0.04	1.00	885.06	847.63	885.21
L1_4jJ40p0ETA25	0.04	1.00	873.16	835.18	873.30
L1_3jJ40p0ETA25_jXE80	0.05	1.00	823.64	785.23	823.68
L1_eTAU140	0.04	1.00	769.14	735.46	769.29
L1_eTAU80_2cTAU30M_DR-eTAU30eTAU20	0.04	1.00	768.21	734.27	768.27
L1_2jJ90_jXE80	0.04	1.00	741.64	709.47	741.76
L1_jJ180	0.04	1.00	736.23	703.95	736.36
L1_4jJ50	0.04	1.00	727.83	696.29	727.82
L1_jMJJ-500-NFF	0.05	1.00	703.86	672.48	704.01
L1_MU5VF	0.05	392.88	657.10	625.57	257608.00
L1_BPH-8M15-0DR22-MU5VFMU3V-BO	0.06	1.00	649.36	613.70	649.30
L1_2eEM18M	0.04	1.00	638.29	610.97	638.37
L1_eEM18L_MU8F	0.05	1.00	624.69	595.70	624.77
L1_jJ60p30ETA49	0.01	10.00	624.05	617.67	6225.23
L1_jJ90_UNPAIRED_NONISO	0.00	1.00	599.28	0.00	599.32
L1_2DR15-0M30-2eEM12L	0.04	1.00	582.56	557.28	582.58
L1_BPH-7M14-0DR25-MU5VFMU3VF	0.05	3.00	581.97	551.96	1737.56
L1_gLJ140p0ETA25	0.05	1.00	538.48	514.80	538.62
L1_cTAU20M_DR-eTAU20eTAU12-jJ40	0.04	11.40	501.37	477.78	5716.39
L1_MU3V	0.05	2169.56	476.58	454.45	1027720.00
L1_3jJ70p0ETA23	0.05	1.00	474.66	452.35	474.72
L1_BPH-2M9-2DR15-2MU5VF	0.06	1.00	467.96	441.52	468.04
L1_MU10BOM	0.08	1.00	439.29	405.61	439.26
L1_2eEM24L	0.04	1.00	432.20	413.84	432.28
L1_eEM40L_2eEM18L	0.04	1.00	430.87	411.77	430.95
L1_eTAU80	0.04	10.00	429.65	410.89	4324.52
L1_BPH-8M15-0DR22-2MU5VF	0.05	1.00	406.85	386.06	406.71
L1_BPH-7M11-25DR99-2MU3VF	0.05	2.00	401.35	381.06	782.96
L1_eEM18M_2eTAU20M_4jJ30	0.05	1.00	398.56	380.69	398.56
L1_MU3V_jJ40	0.04	60.19	382.86	366.81	23436.40
L1_eEM26	0.04	93.05	372.87	356.72	35523.70
L1_MU8F	0.05	365.25	367.11	346.82	134627.00
L1_13DR25-25M70-2eEM12L	0.04	1.00	361.49	345.74	361.42
L1_2MU5VF_3MU3V	0.06	1.00	354.40	334.38	354.40
L1_cTAU35M_2cTAU30M	0.05	22.48	353.61	338.94	7846.37
L1_MU12BOM	0.08	1.00	330.33	303.28	330.27
L1_jJ140_3jJ60	0.05	1.00	329.03	313.80	328.94
L1_DPHI-M70-2eEM15M	0.04	1.00	310.65	297.33	310.65
L1_3MU3VF	0.06	1.00	300.87	282.73	300.87
L1_jJ500	0.01	1.00	295.72	23.00	295.72
L1_MU8F_cTAU20M_jXE70	0.04	1.00	290.56	278.63	290.69
L1_MU8F_cTAU20M_3jJ30	0.05	1.00	280.62	268.26	280.47
L1_jJ125	0.01	100.00	265.29	26.23	26387.30
L1_MU5VF_3MU3VF	0.06	1.00	265.26	248.86	265.26
L1_3J50	0.05	1.00	228.32	218.55	228.30
L1_3jJ90	0.05	1.00	215.66	206.04	215.65
L1_XE50	0.01	7.00	199.64	197.52	1395.26
L1_jJ55p0ETA23_2jJ40p30ETA49	0.05	1.00	199.62	190.50	199.63
L1_LAR-ZEE-eEM	0.00	1.00	176.83	28.41	176.86
L1_gXEJWOJ120	0.04	7.20	164.97	158.58	1152.74
L1_gXEJWOJ110	0.04	12.10	161.70	154.66	1915.49
L1_MU4BOM	0.07	143.45	156.86	146.56	22771.20
L1_gXEJWOJ100	0.04	20.93	155.88	148.89	3271.46
L1_MU3V_J15	0.04	200.34	153.31	146.60	31280.60
L1_BPH-0M10-3MU3VF	0.07	1.00	143.04	133.29	143.04
L1_eEM26L	0.05	92.89	142.55	135.86	13479.30
L1_DY-BOX-2MU5VF	0.06	12.00	139.17	131.15	1638.13
L1_2eEM10L_MU8F	0.05	1.00	136.28	130.08	136.28
L1_5jJ40p0ETA25	0.05	1.00	132.97	127.38	132.97
L1_4MU3V	0.05	1.00	131.54	125.31	131.54
L1_gJ100p0ETA25	0.04	13.47	130.01	124.02	1783.63
L1_MU14FCH_jJ90	0.04	1.00	124.23	119.79	124.15
L1_JPSI-1M5-eEM15	0.04	351.20	124.09	119.34	42801.30
L1_cTAU30M_2cTAU20M	0.04	173.08	118.57	113.37	20372.90
L1_gJ20p25ETA49	0.04	945.20	118.12	112.87	112791.00
L1_HT150-jJ50s5pETA32_jMJJ-400-CF	0.05	1.00	115.76	110.61	115.69
L1_cTAU30M_2cTAU20M_DR-eTAU30eTAU20	0.04	44.58	113.03	107.62	5053.30
L1_MU5VF_J40	0.05	12.94	108.47	103.62	1400.00
L1_cTAU30M_2cTAU20M_DR-eTAU30MeTAU20M	0.05	42.43	105.22	100.95	4379.45
L1_MU5VF_jJ80	0.04	12.75	103.09	99.27	1275.98
L1_10DR-MU14FCH-MU5VF	0.05	1.00	94.27	88.73	94.19
L1_3MU5VF	0.07	1.00	91.62	86.18	91.62
L1_MU3V_UNPAIRED_ISO	0.16	1.00	90.59	77.01	90.67
L1_jJ90p30ETA49	0.05	16.28	89.09	84.49	1438.78
L1_MU14FCH_jXE80	0.04	1.00	72.60	70.40	72.60
L1_eEM24L_3eEM12L	0.04	1.00	70.49	67.59	70.49
L1_jJ40	0.05	5104.11	68.38	65.19	358670.00
L1_AFP_FSC_TOF_T1_BGRP12	0.04	479349.00	65.15	61.56	28395200.00
L1_eEM24L	0.04	344.00	61.47	58.73	19510.60
L1_BTAG-MU3VjJ40	0.05	56.49	59.82	57.02	3316.27
L1_MU3VF	0.05	10034.20	58.81	55.83	564577.00
L1_MU10BO	0.05	126.84	57.67	54.50	7333.12
L1_DPHI-M70-2eEM9	0.04	909.29	57.57	54.96	56263.80
L1_AFP_FSC_TOF_T0_BGRP12	0.04	479349.00	55.35	52.45	28395200.00
L1_DY-BOX-2MU3VF	0.05	120.00	54.51	52.11	6829.14
L1_JPSI-1M5-eEM9	0.05	2683.07	46.88	44.92	125765.00
L1_jJ80_jXE100	0.00	599.98	45.43	2.23	27169.40
L1_jJ80_jXE120	0.01	599.98	42.79	0.67	25695.70
L1_gJ50p0ETA25	0.05	431.41	42.72	41.04	19183.60
L1_DPHI-M70-2eEM9L	0.04	150.00	39.84	38.12	5973.83
L1_eEM18L	0.04	1454.71	36.38	35.06	51235.00
L1_eEM9	0.04	29852.70	35.35	34.07	1092550.00
L1_jJ500_LAR	0.04	1.00	35.22	33.96	35.29
L1_jJ160	0.01	599.98	34.44	1.74	20805.60
L1_gJ20p0ETA25	0.05	10118.90	33.31	31.34	329091.00
L1_eEM18M	0.05	1478.95	32.01	30.53	44864.00
L1_eTAU60	0.04	472.28	31.52	30.07	14878.20
L1_TAU40	0.04	512.08	29.74	28.52	15577.90
L1_BTAG-MU5VFjJ80	0.04	11.97	26.91	25.60	357.06
L1_jJ50p30ETA49	0.06	1627.43	26.22	25.08	43302.90
L1_2eEM18L	0.04	29.71	25.86	24.88	808.04
L1_NSW_MONITOR	0.04	1290560.00	18.71	18.04	25030800.00
L1_jJ50	0.04	13957.80	16.84	16.20	233220.00
L1_LLPDPHI-jXE40-jJ40	0.66	1.00	14.14	4.67	14.14
L1_eEM18	0.01	6996.34	13.35	9.43	98661.10
L1_jJ90	0.01	2999.68	11.81	3.14	34500.10
L1_RD2_EMPTY	0.36	601068.00	11.23	7.18	6308450.00
L1_jJ40p30ETA49	0.04	8401.21	10.22	9.65	80491.50
L1_TAU20IM	0.04	8760.95	10.06	9.67	90372.40
L1_RD0_EMPTY	0.36	627301.00	9.95	6.66	6618090.00
L1_jJ30_BGRP12	0.01	24966.10	9.68	9.58	230983.00
L1_RD0_UNPAIRED_ISO	0.36	13498.00	9.30	6.44	138883.00
L1_TAU12IM	0.04	52265.50	9.03	8.69	394297.00
L1_2MU3V	0.04	4142.52	7.70	7.45	32839.90
L1_CALREQ2	0.01	1.00	7.21	7.14	7.21
L1_MU14EOF	0.05	1690.06	6.09	5.71	9379.88
L1_eEM12L	0.00	24966.10	5.70	5.04	141645.00
L1_gLJ100p0ETA25	0.04	493.16	5.59	5.33	1879.54
L1_cTAU30M	0.04	14086.70	5.59	5.48	85327.00
L1_eEM5	0.07	986895.00	5.17	4.83	5736390.00
L1_RD1_EMPTY	0.36	1201370.00	5.05	3.43	6308450.00
L1_eTAU20	0.04	93727.50	4.04	4.00	358100.00
L1_J50	0.01	2999.68	3.82	3.77	10937.40
L1_gJ400p0ETA25	0.09	1.00	3.69	3.39	3.69
L1_cTAU20M	0.04	86037.00	3.57	3.49	316749.00
L1_J400	0.01	1.00	3.45	3.35	3.45
L1_jXE70	0.00	9992.39	3.39	0.81	34439.70
L1_MU14FCH_EMPTY	0.05	1.00	3.18	2.89	3.18
L1_eTAU20M	0.04	82241.30	3.04	2.96	305907.00
L1_BPH-2M9-0DR15-2MU3V	0.04	1583.50	2.86	2.77	4792.63
L1_TAU8	0.01	390168.00	2.21	2.18	882692.00
L1_gLJ80p0ETA25	0.04	1388.50	2.20	2.13	4078.96
L1_ZeroBias	0.02	49784.00	2.08	1.51	98661.40
L1_RD0_BGRP7	0.05	8388610.00	2.05	1.89	21928700.00
L1_BCM_2A_2C_UNPAIRED_ISO	0.00	3.00	2.00	2.00	6.80
L1_eEM9_UNPAIRED_ISO	0.04	1.00	1.98	1.83	1.98
L1_AFP_FSA_TOF_T1_BGRP12	0.04	479349.00	1.87	1.79	740044.00
L1_BCM_Wide_BGRP12	0.00	5282360.00	1.80	1.80	14476100.00
L1_jJ60	0.00	24966.10	1.77	0.75	46438.80
L1_2MU5VF_EMPTY	0.05	1.00	1.73	1.63	1.73
L1_J100	0.01	599.98	1.68	1.65	1078.14
L1_AFP_FSA_TOF_T0_BGRP12	0.00	479349.00	1.65	1.64	738536.00
L1_eTAU12	0.01	390168.00	1.57	1.48	593472.00
L1_BCM_Wide	0.00	5282640.00	1.57	1.57	14476500.00
L1_RD0_FIRSTEMPTY	0.04	4194300.00	1.47	1.43	5847670.00
L1_jXE90	0.00	2418.51	1.33	1.33	3193.00
L1_eEM15_EMPTY	0.04	1.00	1.14	1.11	1.14
L1_J20	0.04	188508.00	1.11	1.00	243543.00
L1_J15	0.04	699051.00	0.95	0.91	495115.00
L1_jJ30	0.00	419430.00	0.92	0.92	394824.00
L1_AFP_A_AND_C_TOF	0.04	479349.00	0.69	0.61	310666.00
L1_jXE80	0.04	15087.40	0.58	0.54	7693.50
L1_gXEJWOJ80	0.00	14327.30	0.58	0.58	10672.60
L1_MU3V_EMPTY	0.00	499.99	0.46	0.46	294.15
L1_AFP_A_AND_C_TOF_T0T1	0.08	479349.00	0.40	0.33	310665.00
L1_gXEJWOJ60	0.00	118149.00	0.40	0.40	42200.40
L1_gXEJWOJ70	0.00	57456.20	0.36	0.36	20605.20
L1_BCM_Wide_UNPAIREDB1	0.00	499.99	0.34	0.34	132.57
L1_gLJ160p0ETA25	0.00	1627.12	0.30	0.30	322.57
L1_gJ20p0ETA25_EMPTY	0.00	10.00	0.21	0.21	2.60
L1_jJ40p30ETA49_UNPAIRED_ISO	0.00	1.00	0.16	0.16	0.16
L1_eTAU60_EMPTY	0.00	1.00	0.15	0.15	0.15
L1_BCM_Wide_EMPTY	0.00	499.99	0.15	0.15	101.79
L1_jXE500	0.04	1.00	0.15	0.08	0.15
L1_jXE60	0.04	145889.00	0.12	0.08	27018.50
L1_jJ30_UNPAIREDB1	0.00	10.00	0.08	0.08	1.08
L1_gXEJWOJ500	0.08	1.00	0.08	0.00	0.08
L1_jJ30_UNPAIRED_ISO	0.00	390168.00	0.07	0.00	26493.90
L1_eEM5_EMPTY	0.00	390168.00	0.07	0.00	27538.60
L1_jJ30_UNPAIRED_NONISO	0.00	9992.39	0.06	0.00	614.80
L1_eTAU12_EMPTY	0.00	390168.00	0.06	0.00	26533.30
L1_jJ30_EMPTY	0.00	390168.00	0.06	0.00	26494.20
L1_jJ125p30ETA49	0.00	1499.84	0.05	0.05	98.75
L1_J75p31ETA49	0.00	1499.84	0.04	0.04	98.99
L1_eEM9_EMPTY	0.00	671089.00	0.04	0.00	26523.80
L1_jJ30_FIRSTEMPTY	0.00	390168.00	0.03	0.00	11352.10
L1_eEM9_FIRSTEMPTY	0.00	390168.00	0.03	0.00	11376.80
L1_eTAU12_FIRSTEMPTY	0.00	390168.00	0.03	0.00	11386.40
L1_BCM_2C_UNPAIREDB2	0.00	2999.68	0.02	0.02	7.64
L1_MU8VF_EMPTY	0.02	5.00	0.02	0.00	0.11
L1_jJ60p30ETA49_EMPTY	0.00	1.00	0.02	0.02	0.02
L1_eTAU60_UNPAIRED_ISO	0.00	1.00	0.01	0.01	0.01
L1_10DR-MU14FCH-MU5VF_EMPTY	0.00	1.00	0.00	0.00	0.00
L1_10DR-MU14FCH-MU5VF_UNPAIRED_ISO	0.00	1.00	0.00	0.00	0.00
L1_BCM_2A_2C_BGRP12	0.00	390168.00	0.00	0.00	4149.70
L1_BCM_2A_CALIB	0.00	2999.68	0.00	0.00	7.12
L1_BCM_2A_EMPTY	0.00	2999.68	0.00	0.00	44.88
L1_BCM_2A_FIRSTINTRAIN	0.00	2999.68	0.00	0.00	14.25
L1_BCM_2A_UNPAIREDB1	0.00	2999.68	0.00	0.00	7.74
L1_BCM_2A_UNPAIREDB2	0.00	2999.68	0.00	0.00	0.28
L1_BCM_2C_CALIB	0.00	2999.68	0.00	0.00	11.86
L1_BCM_2C_EMPTY	0.00	2999.68	0.00	0.00	58.11
L1_BCM_2C_FIRSTINTRAIN	0.00	2999.68	0.00	0.00	16.37
L1_BCM_2C_UNPAIREDB1	0.00	2999.68	0.00	0.00	0.28
L1_BCM_Wide_UNPAIREDB2	0.00	499.99	0.00	0.00	1.60
L1_CALREQ1	0.00	1.00	0.00	0.00	0.00
L1_CEP-CjJ100	0.00	215.75	0.00	0.00	0.00
L1_CEP-CjJ90	0.00	337.02	0.00	0.00	0.00
L1_MU14FCH_UNPAIRED_ISO	0.00	1.00	0.00	0.00	0.00
L1_TGC_BURST	0.00	1.00	0.00	0.00	0.00
L1_TRT_EMPTY	0.00	1.00	0.00	0.00	0.00
L1_jJ30_UNPAIREDB2	0.00	10.00	0.00	0.00	0.08
L1_jJ60p30ETA49_UNPAIRED_ISO	0.00	1.00	0.00	0.00	0.00
L1_jJ60p30ETA49_UNPAIRED_NONISO	0.00	1.00	0.00	0.00	0.00
L1_jLJ140	0.00	1.00	0.00	0.00	0.00